name: credit-score-challenge
channels:
  - conda-forge
  - defaults
dependencies:
  - asttokens=3.0.0=pyhd8ed1ab_1
  - bzip2=1.0.8=h2bbff1b_6
  - ca-certificates=2025.1.31=h56e8100_0
  - colorama=0.4.6=pyhd8ed1ab_1
  - comm=0.2.2=pyhd8ed1ab_1
  - cpython=3.13.1=py313hd8ed1ab_105
  - debugpy=1.8.12=py313h5813708_0
  - decorator=5.1.1=pyhd8ed1ab_1
  - exceptiongroup=1.2.2=pyhd8ed1ab_1
  - executing=2.1.0=pyhd8ed1ab_1
  - expat=2.6.4=h8ddb27b_0
  - imbalanced-learn=0.13.0=pyhd8ed1ab_0
  - importlib-metadata=8.6.1=pyha770c72_0
  - intel-openmp=2024.2.1=h57928b3_1083
  - ipykernel=6.29.5=pyh4bbf305_0
  - ipython=8.32.0=pyh9ab4c32_0
  - jedi=0.19.2=pyhd8ed1ab_1
  - joblib=1.4.2=pyhd8ed1ab_1
  - jupyter_client=8.6.3=pyhd8ed1ab_1
  - jupyter_core=5.7.2=pyh5737063_1
  - krb5=1.21.3=hdf4eb48_0
  - libblas=3.9.0=28_h576b46c_mkl
  - libcblas=3.9.0=28_h7ad3364_mkl
  - libffi=3.4.4=hd77b12b_1
  - libhwloc=2.11.2=default_ha69328c_1001
  - libiconv=1.17=hcfcfb64_2
  - liblapack=3.9.0=28_hacfb0e4_mkl
  - libmpdec=4.0.0=h827c3e9_0
  - libsodium=1.0.20=hc70643c_0
  - libwinpthread=12.0.0.r4.gg4f2fc60ca=h57928b3_9
  - libxml2=2.13.5=h24da03e_0
  - matplotlib-inline=0.1.7=pyhd8ed1ab_1
  - mkl=2024.2.2=h66d3029_15
  - nest-asyncio=1.6.0=pyhd8ed1ab_1
  - numpy=2.2.2=py313hefb8edb_0
  - openssl=3.4.0=ha4e3fda_1
  - packaging=24.2=pyhd8ed1ab_2
  - parso=0.8.4=pyhd8ed1ab_1
  - pickleshare=0.7.5=pyhd8ed1ab_1004
  - pip=24.2=py313haa95532_0
  - platformdirs=4.3.6=pyhd8ed1ab_1
  - prompt-toolkit=3.0.50=pyha770c72_0
  - psutil=6.1.1=py313ha7868ed_0
  - pure_eval=0.2.3=pyhd8ed1ab_1
  - pygments=2.19.1=pyhd8ed1ab_0
  - python=3.13.1=hadb2040_100_cp313
  - python-dateutil=2.9.0.post0=pyhff2d567_1
  - python_abi=3.13=0_cp313
  - pywin32=307=py313h5813708_3
  - pyzmq=26.2.1=py313h2100fd5_0
  - scikit-learn=1.6.1=py313h4f67946_0
  - scipy=1.15.1=py313hdc736f6_0
  - setuptools=75.8.0=py313haa95532_0
  - six=1.17.0=pyhd8ed1ab_0
  - sklearn-compat=0.1.3=pyhd8ed1ab_0
  - sqlite=3.45.3=h2bbff1b_0
  - stack_data=0.6.3=pyhd8ed1ab_1
  - tbb=2021.13.0=h62715c5_1
  - threadpoolctl=3.5.0=pyhc1e730c_0
  - tk=8.6.14=h0416ee5_0
  - tornado=6.4.2=py313ha7868ed_0
  - traitlets=5.14.3=pyhd8ed1ab_1
  - typing_extensions=4.12.2=pyha770c72_1
  - ucrt=10.0.22621.0=h57928b3_1
  - vc=14.40=haa95532_2
  - vc14_runtime=14.42.34433=h6356254_24
  - vs2015_runtime=14.42.34433=hfef2bbc_24
  - wcwidth=0.2.13=pyhd8ed1ab_1
  - wheel=0.44.0=py313haa95532_0
  - xz=5.4.6=h8cc25b3_1
  - zeromq=4.3.5=ha9f60a1_7
  - zipp=3.21.0=pyhd8ed1ab_1
  - zlib=1.2.13=h8cc25b3_1
  - pip:
      - clarabel==0.10.0
      - contourpy==1.3.1
      - cramjam==2.9.1
      - cvxopt==1.3.2
      - cvxpy==1.6.0
      - cycler==0.12.1
      - fancyimpute==0.7.0
      - fastparquet==2024.11.0
      - fonttools==4.55.8
      - fsspec==2025.2.0
      - iniconfig==2.0.0
      - kiwisolver==1.4.8
      - knnimpute==0.1.0
      - matplotlib==3.10.0
      - nose==1.3.7
      - osqp==0.6.7.post3
      - pandas==2.2.3
      - pillow==11.1.0
      - pluggy==1.5.0
      - pyparsing==3.2.1
      - pytest==8.3.4
      - pytz==2025.1
      - qdldl==0.1.7.post5
      - scs==3.2.7.post2
      - seaborn==0.13.2
      - tzdata==2025.1
prefix: C:\Users\Leonardo\anaconda3\envs\credit-score-challenge
